[{"Muscle":"Biceps brachii","CoefficientNames":["(Intercept)","Age","Weight","Age^2"],"Coefficients":[53.159884576842742,0.066149812211101416,0.087741223140804042,0.0025047900746030822],"MSE":49.569248428791312,"RMSE":7.0405431913163712,"DFE":155,"CoeffCov":[[4.2482237277042874,-0.068757114541559736,-0.044298793355570576,0.00081282812835382077],[-0.068757114541559736,0.019386634598539381,-0.0044990474048780035,-0.00019650873330553784],[-0.044298793355570576,-0.0044990474048780035,0.0021505826942933644,4.0124231481371795E-5],[0.00081282812835382077,-0.00019650873330553784,4.0124231481371795E-5,2.09997978406186E-6]]},{"Muscle":"Biceps femoris","CoefficientNames":["(Intercept)","Sex_Male","Age","Weight","BMI"],"Coefficients":[56.862459377460191,-4.4647392220101976,0.25593866410633331,-0.28397431967577275,1.0246626653122566],"MSE":73.026436966760343,"RMSE":8.5455507117306571,"DFE":62,"CoeffCov":[[33.132521098095204,-2.5206560402642464,0.074330716731933477,0.28311281185841397,-2.3284526709421449],[-2.5206560402642464,5.41179151798251,0.023803380839256982,-0.10280726657565319,0.26544097413957191],[0.074330716731933477,0.023803380839256982,0.0043921070608067894,-0.0013273751229919003,-0.0073375307835491467],[0.28311281185841397,-0.10280726657565319,-0.0013273751229919003,0.012528061712425325,-0.044693298012412057],[-2.3284526709421449,0.26544097413957191,-0.0073375307835491467,-0.044693298012412057,0.24068047106726664]]},{"Muscle":"Deltoideus","CoefficientNames":["(Intercept)","Sex_Male","Age","Weight","Lenght","BMI","Age^2"],"Coefficients":[-12.496578846741583,-4.4162303909928324,-0.090681486276007,-0.85209260669395637,0.37581319673578106,2.6635232340110249,0.0052360925962439252],"MSE":54.951728857834375,"RMSE":7.4129433329706744,"DFE":155,"CoeffCov":[[930.56319766809452,-23.168333900924338,1.7346191312683725,9.1438878296102271,-5.2412612422581244,-30.142498434856414,-0.01401096244563581],[-23.168333900924338,2.3318418610857381,0.027569053022755658,-0.26284533844796143,0.12003026200751468,0.82712897392161477,-0.00030638460293124279],[1.7346191312683725,0.027569053022755658,0.028447207136486789,0.011832383799907012,-0.011477104594778381,-0.050413565570252686,-0.00028724386822493792],[9.1438878296102271,-0.26284533844796143,0.011832383799907012,0.094502773871077583,-0.051220491669534025,-0.30655631141404938,-8.86858173513762E-5],[-5.2412612422581244,0.12003026200751468,-0.011477104594778381,-0.051220491669534025,0.030357319830936168,0.1640905050601035,0.00010007410911274762],[-30.142498434856414,0.82712897392161477,-0.050413565570252686,-0.30655631141404938,0.1640905050601035,1.0458721900964656,0.0003667471050580585],[-0.01401096244563581,-0.00030638460293124279,-0.00028724386822493792,-8.86858173513762E-5,0.00010007410911274762,0.0003667471050580585,3.0626766077358902E-6]]},{"Muscle":"Depressor anguli oris","CoefficientNames":["(Intercept)","Sex_Male","Weight"],"Coefficients":[72.818606977376973,-8.984333476244684,-0.20059326064824398],"MSE":108.75603525311917,"RMSE":10.428616171531061,"DFE":69,"CoeffCov":[[16.494259695484605,0.09172571134101469,-0.22389855853972579],[0.09172571134101469,6.6909873153097408,-0.045682675216074671],[-0.22389855853972579,-0.045682675216074671,0.0036391476398167544]]},{"Muscle":"Digastricus","CoefficientNames":["(Intercept)","Sex_Male","Age","Lenght"],"Coefficients":[72.060971608639477,-7.3206294699029444,0.11543301481595158,-0.11659920850185798],"MSE":75.961250466981355,"RMSE":8.71557516558611,"DFE":134,"CoeffCov":[[44.398441178837615,1.6746585536967229,0.0876853098295029,-0.2895031008092373],[1.6746585536967229,2.3961018613652834,0.0098897333180816734,-0.019796281721712591],[0.0876853098295029,0.0098897333180816734,0.0014774136349675795,-0.00093119116089628517],[-0.2895031008092373,-0.019796281721712591,-0.00093119116089628517,0.0020278486413952924]]},{"Muscle":"Extensors underarm","CoefficientNames":["(Intercept)","Sex_Male","Age","Weight","Lenght","BMI","Age^2","Age^3"],"Coefficients":[-20.582633211168556,-6.46140949479658,-2.7521020578072264,-0.6589944441218214,0.63102077883737484,2.3228764051278228,0.074199511777848823,-0.00056043068430327659],"MSE":60.938362085000179,"RMSE":7.8063027154345086,"DFE":140,"CoeffCov":[[673.55671099573169,-9.286812296939372,13.149463336405939,6.2809980813045918,-4.7360852361685195,-19.663789861713056,-0.30446427967689521,0.0021734557601048],[-9.286812296939372,2.4606849420787218,0.19118364295209639,-0.13236341574580213,0.038904425049943875,0.36369847813635414,-0.0047184196061619112,3.5347317705903942E-5],[13.149463336405939,0.19118364295209639,0.57916529678525075,0.10342989519052631,-0.11167492173854296,-0.339566022633121,-0.014123930261121451,0.00010382094553435881],[6.2809980813045918,-0.13236341574580213,0.10342989519052631,0.063220280291067174,-0.043116879890293676,-0.19338116447122877,-0.0024124317086933475,1.7326163291680731E-5],[-4.7360852361685195,0.038904425049943875,-0.11167492173854296,-0.043116879890293676,0.034963989328753026,0.1322363592497699,0.0026179788988270072,-1.8749163598233105E-5],[-19.663789861713056,0.36369847813635414,-0.339566022633121,-0.19338116447122877,0.1322363592497699,0.626346010840437,0.007842476012179361,-5.6475816563325878E-5],[-0.30446427967689521,-0.0047184196061619112,-0.014123930261121451,-0.0024124317086933475,0.0026179788988270072,0.007842476012179361,0.00035248423652432641,-2.6362570461787446E-6],[0.0021734557601048,3.5347317705903942E-5,0.00010382094553435881,1.7326163291680731E-5,-1.8749163598233105E-5,-5.6475816563325878E-5,-2.6362570461787446E-6,2.001015747008867E-8]]},{"Muscle":"Flexor carpi radialis","CoefficientNames":["(Intercept)","Sex_Male","Age","Weight","Lenght","BMI"],"Coefficients":[112.97953713260414,-6.4235494855798621,0.099163769822335865,0.53669385032402794,-0.34618197504584647,-1.6649092186791197],"MSE":45.202107048354812,"RMSE":6.7232512260330424,"DFE":160,"CoeffCov":[[637.03794025753791,-16.716487486523182,0.36744118497125466,6.4423911857327374,-3.5186799774475297,-21.098931200241729],[-16.716487486523182,1.6939673207697825,-0.0030726355898740652,-0.18617894574451088,0.088309385993743009,0.59321473693464855],[0.36744118497125466,-0.0030726355898740652,0.0011820756904744928,0.0031888338726570389,-0.0018366471992393618,-0.014002244405776505],[6.4423911857327374,-0.18617894574451088,0.0031888338726570389,0.068059274810805884,-0.035689269604845926,-0.21986342804928916],[-3.5186799774475297,0.088309385993743009,-0.0018366471992393618,-0.035689269604845926,0.019985146838083719,0.11256169304700776],[-21.098931200241729,0.59321473693464855,-0.014002244405776505,-0.21986342804928916,0.11256169304700776,0.75024323150821381]]},{"Muscle":"Flexor digitorum profundus","CoefficientNames":["(Intercept)","Sex_Male","Age","Lenght","Age^2"],"Coefficients":[38.883281922752481,-4.8890887226986095,-0.31957263164233218,0.13212723445704996,0.0073938419909276194],"MSE":62.393808189293068,"RMSE":7.8989751353763022,"DFE":140,"CoeffCov":[[33.4071340532226,1.5745597985504747,0.594281229293033,-0.26649912668860742,-0.0063146278862841274],[1.5745597985504747,1.9187453888578643,0.054337825806002375,-0.02093231566516221,-0.00054992932321395],[0.594281229293033,0.054337825806002375,0.036971573035286275,-0.00730207734469276,-0.00042155763992365663],[-0.26649912668860742,-0.02093231566516221,-0.00730207734469276,0.0024309438931605976,7.8326991160235357E-5],[-0.0063146278862841274,-0.00054992932321395,-0.00042155763992365663,7.8326991160235357E-5,4.9729935026728533E-6]]},{"Muscle":"Gastrocnemius medial head","CoefficientNames":["(Intercept)","Sex_Male","Age","Lenght"],"Coefficients":[78.678693615468973,-4.3735448664086745,0.32507746691462697,-0.13369387312606573],"MSE":61.024508442661443,"RMSE":7.8118185106069538,"DFE":81,"CoeffCov":[[51.214635287578218,1.6786881151297317,0.10129167369055755,-0.33193438326724578],[1.6786881151297317,3.1056490473009593,0.011923191361754763,-0.022701904925149348],[0.10129167369055755,0.011923191361754763,0.0018865264109274138,-0.0010806525306709714],[-0.33193438326724578,-0.022701904925149348,-0.0010806525306709714,0.002314550000102238]]},{"Muscle":"Geniohyoideus","CoefficientNames":["(Intercept)","Sex_Male","Age","Age^2"],"Coefficients":[47.357107473989281,-6.8365903955630136,-0.42775896921626672,0.0057137740308609688],"MSE":115.11612898863029,"RMSE":10.729218470542497,"DFE":83,"CoeffCov":[[14.439633672258019,-3.3352530101302267,-0.61051046348429017,0.0061158442529674357],[-3.3352530101302267,5.3316517422619825,0.0272481349845848,-0.00024214580623724922],[-0.61051046348429017,0.0272481349845848,0.037650903272796819,-0.00042449488976374839],[0.0061158442529674357,-0.00024214580623724922,-0.00042449488976374839,5.1132147819622944E-6]]},{"Muscle":"Iliopsoas","CoefficientNames":["(Intercept)","Age","BMI","Age^2","Age^3"],"Coefficients":[34.099186508045207,-1.5694128098383355,0.80661002584051456,0.056612709391712521,-0.00049710359056318119],"MSE":87.33433953071183,"RMSE":9.3452843472369445,"DFE":68,"CoeffCov":[[35.262696339647249,-1.0003123862150041,-1.3576332495223857,0.0325224720075468,-0.00025856506176819309],[-1.0003123862150041,0.27614898189117254,-0.061336323776442131,-0.0078475645930938653,6.3848972198016782E-5],[-1.3576332495223857,-0.061336323776442131,0.10509081570551516,0.0011745562529408005,-8.5090558628648433E-6],[0.0325224720075468,-0.0078475645930938653,0.0011745562529408005,0.00024070386647526672,-2.045439392224103E-6],[-0.00025856506176819309,6.3848972198016782E-5,-8.5090558628648433E-6,-2.045439392224103E-6,1.7904135816381531E-8]]},{"Muscle":"Interosseus dorsalis I","CoefficientNames":["(Intercept)","Age","Weight","Lenght","Age^2","Age^3"],"Coefficients":[70.673723912424322,0.803809169532506,0.10192425170029608,-0.23149926035846835,-0.018455392537689852,0.0001467971280633199],"MSE":30.307613682374956,"RMSE":5.5052351159941351,"DFE":156,"CoeffCov":[[44.143494652177729,0.83524082274882572,0.21025203998811939,-0.39593197929589419,-0.0190604099389468,0.00012443746368808275],[0.83524082274882572,0.11818424129851655,0.00085629609332562239,-0.013093805863189764,-0.0027494692742100254,1.8825154735372925E-5],[0.21025203998811939,0.00085629609332562239,0.0025824176583749896,-0.0021694091033465815,-4.6184410186127879E-5,3.8726154785784049E-7],[-0.39593197929589419,-0.013093805863189764,-0.0021694091033465815,0.00403157846073398,0.00030374362055465924,-2.0339058077317485E-6],[-0.0190604099389468,-0.0027494692742100254,-4.6184410186127879E-5,0.00030374362055465924,6.6410972418600648E-5,-4.6720421326386372E-7],[0.00012443746368808275,1.8825154735372925E-5,3.8726154785784049E-7,-2.0339058077317485E-6,-4.6720421326386372E-7,3.3583202689500565E-9]]},{"Muscle":"Levator labii superior","CoefficientNames":["(Intercept)","Sex_Male","BMI"],"Coefficients":[118.95235584540508,-11.344607349387315,-1.0232656223408345],"MSE":85.2300930172879,"RMSE":9.23201456981562,"DFE":57,"CoeffCov":[[48.488356206268442,-1.7583983043533338,-1.9317596957072731],[-1.7583983043533338,5.7252468820920361,-0.038152254639291817],[-1.9317596957072731,-0.038152254639291817,0.081433767129836146]]},{"Muscle":"Masseter","CoefficientNames":["(Intercept)","Sex_Male","Age","Weight","Lenght","BMI","Age^2","Age^3"],"Coefficients":[-28.743373701652239,-4.8440775198287724,-2.1946835950647396,-1.1703526618256146,0.69583333711549911,3.74076158138819,0.053853963673241113,-0.00035254601760592591],"MSE":96.497852212015857,"RMSE":9.8233320320559177,"DFE":78,"CoeffCov":[[4006.7853758799174,-59.075660267070468,36.487524162590994,39.060983270797713,-24.726185051223563,-126.26712600871572,-0.79232108781148192,0.0053236480839196571],[-59.075660267070468,7.2051433751153873,0.26845671967707069,-0.72956436906235023,0.30171632436087975,2.1649995335746754,-0.0046135886996241165,2.2404740245926857E-5],[36.487524162590994,0.26845671967707069,1.0575813911172416,0.30276672355657153,-0.26985543388832434,-1.0376284708868051,-0.023911486560595118,0.00016186225059872539],[39.060983270797713,-0.72956436906235023,0.30276672355657153,0.3990536397909662,-0.23857847721513037,-1.2671875883879837,-0.0067089352694807286,4.5884286419661063E-5],[-24.726185051223563,0.30171632436087975,-0.26985543388832434,-0.23857847721513037,0.15771290019336839,0.75565129114199392,0.0059483511841492967,-4.0037408332896185E-5],[-126.26712600871572,2.1649995335746754,-1.0376284708868051,-1.2671875883879837,0.75565129114199392,4.21063502849013,0.02228626159991666,-0.00015026656732747059],[-0.79232108781148192,-0.0046135886996241165,-0.023911486560595118,-0.0067089352694807286,0.0059483511841492967,0.02228626159991666,0.00055620985856468137,-3.8421715135156564E-6],[0.0053236480839196571,2.2404740245926857E-5,0.00016186225059872539,4.5884286419661063E-5,-4.0037408332896185E-5,-0.00015026656732747059,-3.8421715135156564E-6,2.698422359927593E-8]]},{"Muscle":"Nasalis","CoefficientNames":["(Intercept)","Weight","Lenght","BMI"],"Coefficients":[-108.23112869025694,-2.09111862299598,1.1292539899897924,6.2735844793935964],"MSE":95.656276942994737,"RMSE":9.7804026984063768,"DFE":56,"CoeffCov":[[4607.8057303796531,33.908365953168108,-26.747273855945167,-101.43469145250114],[33.908365953168108,0.270793177374922,-0.19814694071588049,-0.801728879743032],[-26.747273855945167,-0.19814694071588049,0.15675925467099949,0.58217269948800288],[-101.43469145250114,-0.801728879743032,0.58217269948800288,2.4508382748442887]]},{"Muscle":"Orbicularis oris","CoefficientNames":["(Intercept)","Sex_Male"],"Coefficients":[60.281073263330818,-7.685542212547408],"MSE":99.891236080572611,"RMSE":9.9945603245251675,"DFE":62,"CoeffCov":[[2.8540353165877876,-2.8540353165877885],[-2.8540353165877885,6.2985606986765008]]},{"Muscle":"Peroneus tertius","CoefficientNames":["(Intercept)","Sex_Male","Age"],"Coefficients":[69.443242795655479,-8.6154692683077947,0.25731181979575524],"MSE":124.73893926584735,"RMSE":11.168658794405323,"DFE":84,"CoeffCov":[[7.8040275809986746,-3.251007224942712,-0.11447287526966371],[-3.251007224942712,5.7582892759592186,0.0066549947169872205],[-0.11447287526966371,0.0066549947169872205,0.0027107769847612628]]},{"Muscle":"Procerus","CoefficientNames":["(Intercept)","Sex_Male","Age","Age^2"],"Coefficients":[125.43716599394331,-8.4429200591696318,-0.96237622536338208,0.00988886543160211],"MSE":174.41008829826637,"RMSE":13.206441167031578,"DFE":57,"CoeffCov":[[70.640227994120366,-5.1928663464352542,-3.385107025508884,0.03576124829392939],[-5.1928663464352542,11.623729082701173,-0.019133282741627716,0.00039224167863399431],[-3.385107025508884,-0.019133282741627716,0.18953069970884259,-0.0021262973444464775],[0.03576124829392939,0.00039224167863399431,-0.0021262973444464775,2.4826114665461627E-5]]},{"Muscle":"Rectus abdominis","CoefficientNames":["(Intercept)","Age","Lenght","Age^2","Age^3"],"Coefficients":[106.85136554810103,-0.86107474513828708,-0.31123762043803649,0.0495880546991711,-0.00039228777553162563],"MSE":148.60844215502831,"RMSE":12.190506230465916,"DFE":79,"CoeffCov":[[214.8478413545252,7.5556050430701323,-1.822165058086707,-0.15956794140256514,0.0010099805150028281],[7.5556050430701323,1.1206465878284431,-0.11688373699193422,-0.026482876444069457,0.00018317272025347917],[-1.822165058086707,-0.11688373699193422,0.019000464477985746,0.0025863783505462755,-1.7044352007580895E-5],[-0.15956794140256514,-0.026482876444069457,0.0025863783505462755,0.00064589470239844425,-4.578725888328E-6],[0.0010099805150028281,0.00018317272025347917,-1.7044352007580895E-5,-4.578725888328E-6,3.3137694170761369E-8]]},{"Muscle":"Rectus femoris","CoefficientNames":["(Intercept)","Age","Lenght","Age^2"],"Coefficients":[104.19766416802493,1.2299727242444003,-0.39486087957062876,-0.010357173054948116],"MSE":60.776429352316171,"RMSE":7.79592389344048,"DFE":83,"CoeffCov":[[62.936386177188929,0.86050498569359479,-0.46724825317105417,-0.0087814123686579],[0.86050498569359479,0.04652057635713007,-0.0097987063393609759,-0.00051102079744183549],[-0.46724825317105417,-0.0097987063393609759,0.0038613552100435272,0.00010087376062066734],[-0.0087814123686579,-0.00051102079744183549,0.00010087376062066734,5.8404453552494253E-6]]},{"Muscle":"Rectus femoris prox","CoefficientNames":["(Intercept)","Age","Age^2","Age^3"],"Coefficients":[55.444186790679325,-1.1759203082384269,0.0421688670428729,-0.00034332321236566144],"MSE":107.92413383200807,"RMSE":10.388654091459975,"DFE":70,"CoeffCov":[[21.910124764837676,-2.21833406291805,0.059106676019930311,-0.00045718472235931832],[-2.21833406291805,0.29787126611625692,-0.0088918482043362276,7.31780106115909E-5],[0.059106676019930311,-0.0088918482043362276,0.00028304993461107864,-2.4269031479538015E-6],[-0.00045718472235931832,7.31780106115909E-5,-2.4269031479538015E-6,2.1410634938659904E-8]]},{"Muscle":"Soleus","CoefficientNames":["(Intercept)","Sex_Male"],"Coefficients":[64.851737477071268,-6.0435718210266431],"MSE":82.682274884149152,"RMSE":9.09297942833641,"DFE":71,"CoeffCov":[[2.1200583303627996,-2.1200583303628004],[-2.1200583303628004,4.5518899446024834]]},{"Muscle":"Sterno cleido","CoefficientNames":["(Intercept)","Age","Age^2"],"Coefficients":[52.483754744956563,-0.012594229385329824,0.0039306813396492741],"MSE":20.148662443624374,"RMSE":4.4887261493239228,"DFE":74,"CoeffCov":[[2.8774797827791865,-0.14798353691184971,0.0015671757095741226],[-0.14798353691184971,0.0094897425951365761,-0.00011031732108944997],[0.0015671757095741226,-0.00011031732108944997,1.3585127514437832E-6]]},{"Muscle":"Temporalis","CoefficientNames":["(Intercept)","Sex_Male"],"Coefficients":[77.860345183792148,-5.9734803370992626],"MSE":54.8444324436638,"RMSE":7.4057026974935871,"DFE":69,"CoeffCov":[[1.4062674985554831,-1.4062674985554833],[-1.4062674985554833,3.1201560124199768]]},{"Muscle":"Tibialis anterior","CoefficientNames":["(Intercept)","Sex_Male","Age"],"Coefficients":[63.601269249536138,-6.4645668443179538,0.35272171724456558],"MSE":79.021581400424068,"RMSE":8.8894083830378765,"DFE":86,"CoeffCov":[[4.5264189099986885,-1.7870737744417446,-0.067504202415608658],[-1.7870737744417446,3.5520089966049722,-0.00021931986204229878],[-0.067504202415608658,-0.00021931986204229878,0.0016688741760899225]]},{"Muscle":"Tongue","CoefficientNames":["(Intercept)","Age"],"Coefficients":[45.653596052864955,0.33080582050656943],"MSE":116.06832306236599,"RMSE":10.773500965905464,"DFE":48,"CoeffCov":[[13.682471787465561,-0.27393186073160003],[-0.27393186073160003,0.0066048735725307041]]},{"Muscle":"Trapezius","CoefficientNames":["(Intercept)","Sex_Male","Age","Age^2","Age^3"],"Coefficients":[68.846095788333045,-4.0454248109903439,-1.2862676432858418,0.03757240593272853,-0.00024932246386898371],"MSE":66.06590665979185,"RMSE":8.1280936670163833,"DFE":83,"CoeffCov":[[16.204315448935549,-1.6199758153868933,-1.408207129729341,0.034003052889729393,-0.00023881510099264361],[-1.6199758153868933,3.0124943594244082,-0.0045691773928762088,0.00025800005196167084,-2.2317274661742144E-6],[-1.408207129729341,-0.0045691773928762088,0.15949735626378939,-0.0042121276660766057,3.1099653804598881E-5],[0.034003052889729393,0.00025800005196167084,-0.0042121276660766057,0.00011741088058516761,-8.9894948088105636E-7],[-0.00023881510099264361,-2.2317274661742144E-6,3.1099653804598881E-5,-8.9894948088105636E-7,7.0718720430361188E-9]]},{"Muscle":"Vastus lateralis","CoefficientNames":["(Intercept)","Age","Lenght"],"Coefficients":[107.83476949131546,0.29176339472804941,-0.30853725724084163],"MSE":80.309150762177367,"RMSE":8.9615372990451458,"DFE":85,"CoeffCov":[[71.346980605033664,0.1166002946658779,-0.44741748549409505],[0.1166002946658779,0.0022474121459344172,-0.0012198930440271978],[-0.44741748549409505,-0.0012198930440271978,0.0029538972393634128]]},{"Muscle":"Vastus lateralis dist","CoefficientNames":["(Intercept)","Age","Age^2","Age^3"],"Coefficients":[71.2595096035254,-1.038482128509582,0.038649804035294492,-0.00033708597542719175],"MSE":118.49248488633478,"RMSE":10.885425342462957,"DFE":70,"CoeffCov":[[24.098280015676071,-2.439021275727923,0.064726628266872838,-0.00049899483690685794],[-2.439021275727923,0.32686743516024908,-0.0097058151089350932,7.9586399406963618E-5],[0.064726628266872838,-0.0097058151089350932,0.00030732630285004243,-2.6269929716390991E-6],[-0.00049899483690685794,7.9586399406963618E-5,-2.6269929716390991E-6,2.312212776511257E-8]]},{"Muscle":"Vastus lateralis prox","CoefficientNames":["(Intercept)","Sex_Male","Age","Weight","Lenght","BMI"],"Coefficients":[7.3383130205457743,-5.7654495973394848,0.2611448979359412,-0.71035789917327641,0.315213342381863,1.9232225104547735],"MSE":80.634036235923233,"RMSE":8.9796456631608379,"DFE":65,"CoeffCov":[[910.77888694043577,-36.865530067725295,0.77032995902933554,9.8288922681359878,-5.3185757597134593,-30.046457134676245],[-36.865530067725295,6.5220099737265418,-0.0074620609917564152,-0.447533382739091,0.20392257811043926,1.2943044675304454],[0.77032995902933554,-0.0074620609917564152,0.0056464126050451745,0.00551057421456918,-0.00407136962924702,-0.029120970497338569],[9.8288922681359878,-0.447533382739091,0.00551057421456918,0.1145138553233529,-0.057978805591798979,-0.33899104276065506],[-5.3185757597134593,0.20392257811043926,-0.00407136962924702,-0.057978805591798979,0.0322392634277849,0.16829684542432766],[-30.046457134676245,1.2943044675304454,-0.029120970497338569,-0.33899104276065506,0.16829684542432766,1.0917538888185296]]},{"Muscle":"Zygomaticus major","CoefficientNames":["(Intercept)","Sex_Male","Age","Age^2"],"Coefficients":[103.23674098201306,-7.229569693989025,-0.84065879994297588,0.0094353279526437715],"MSE":161.52778861012095,"RMSE":12.709358308353767,"DFE":60,"CoeffCov":[[40.946829318966145,-2.73366288464914,-1.9862986193189229,0.021183146159555005],[-2.73366288464914,10.313721895305989,-0.1229420005110604,0.0014873056831401308],[-1.9862986193189229,-0.1229420005110604,0.12148270658080061,-0.0014086402349256528],[0.021183146159555005,0.0014873056831401308,-0.0014086402349256528,1.7220411489762092E-5]]},{"Muscle":"Hamstrings","CoefficientNames":["(Intercept)","Sex_Male","Age","Weight","BMI"],"Coefficients":[56.862459377460191,-4.4647392220101976,0.25593866410633331,-0.28397431967577275,1.0246626653122566],"MSE":73.026436966760343,"RMSE":8.5455507117306571,"DFE":62,"CoeffCov":[[33.132521098095204,-2.5206560402642464,0.074330716731933477,0.28311281185841397,-2.3284526709421449],[-2.5206560402642464,5.41179151798251,0.023803380839256982,-0.10280726657565319,0.26544097413957191],[0.074330716731933477,0.023803380839256982,0.0043921070608067894,-0.0013273751229919003,-0.0073375307835491467],[0.28311281185841397,-0.10280726657565319,-0.0013273751229919003,0.012528061712425325,-0.044693298012412057],[-2.3284526709421449,0.26544097413957191,-0.0073375307835491467,-0.044693298012412057,0.24068047106726664]]}]